7846
4164
7543
390
7307
9163
5991
9265
254
8432
2292
3526
7223
5965
4465
6226
3824
7288
4951
6589
6093
4075
5677
3586
7969
6765
2731
1904
4605
7406
1602
5667
787
3154
5242
5051
9372
7667
6479
7545
7867
9001
7819
68
9154
4253
3205
3694
1501
7310
3108
7403
6910
1203
334
9287
8382
7165
840
9449
7938
1064
2907
4922
8628
9869
9098
6177
423
6080
8001
4497
5094
3114
5139
8403
7776
2785
225
6871
1845
7697
5308
3909
827
476
9599
170
4250
8898
9463
4901
3584
1436
7636
8477
460
658
6701
7295
9793
6640
2019
2506
8034
944
2064
8863
9681
2050
9318
1299
4730
7291
4876
5999
3
8199
3844
4407
7852
8389
6811
4594
7300
1329
2692
8910
835
36
1361
4713
4654
7588
5384
9394
4752
7829
3940
3838
1445
3289
2144
2152
5580
4127
9454
4296
5138
4500
8741
4371
496
7677
2016
510
1482
9815
8415
6699
7592
1837
9880
3278
4877
2212
7282
5655
2301
5155
3188
4936
3453
3397
392
5179
4289
7343
9908
2751
2161
2872
8100
7392
1863
5669
1432
5956
4488
4722
6012
2425
5395
9742
9472
6156
5482
7386
4480
9782
2342
4097
4577
1020
1276
747
3977
3889
721
8746
1834
4370
9727
4854
5807
9807
7492
3504
3334
2177
1133
6899
588
2477
8235
8233
8605
387
1606
4909
7984
9379
6923
1832
5249
5478
4046
8413
2049
1200
914
2296
9138
3176
3633
9855
6456
4522
2853
9390
4180
9157
9120
1177
3648
9071
4071
5698
9836
9412
8739
5277
7981
7157
7591
111
7015
963
2447
3005
7017
9256
9360
3782
5804
9201
2905
26
1174
2797
4108
1394
2763
7345
7145
6315
6761
3487
5575
9420
5866
836
198
427
4734
7180
4478
4304
8039
5723
1480
6358
8059
8631
5309
5537
6805
7679
640
2260
9357
3127
5141
9234
2267
6543
1493
6723
2484
6756
5343
6320
2164
197
3037
901
7197
5856
4934
6197
8801
2100
1370
9299
9303
8426
956
4498
924
6476
1058
5504
8480
570
1465
3500
6720
5808
1457
4232
8049
2319
609
3250
7966
712
8626
8128
2754
8963
4973
8137
8279
2768
6457
1666
1094
9373
9541
1277
8730
1653
6314
6500
5169
4415
8244
202
8033
3320
7259
7426
2074
5443
851
2167
3965
3322
8494
204
3523
8065
3451
435
9795
139
6000
2360
3445
7618
1325
2986
1281
1734
4983
1100
1670
4984
8325
8467
318
266
625
8230
8733
4792
9355
9965
7895
7769
1007
9448
6287
2794
4095
5468
7373
7572
9523
7742
4472
4863
6856
8547
2122
9040
4714
3725
8192
4276
2460
8051
2535
8182
1396
6564
3814
9658
244
6801
8489
4426
5684
8811
4017
5090
6058
6989
9039
8129
4866
2948
5824
905
9090
8156
6230
6661
1167
696
9172
641
8398
9296
5691
8645
1240
9824
50
5298
6173
4587
6136
8264
6416
6643
7469
8767
4394
4789
7775
4343
76
8189
2869
881
3212
4550
6097
4546
7033
6169
4241
4733
8704
8822
9045
2391
4668
6502
4664
8260
6415
8643
6355
4740
8079
6662
902
4545
2138
7797
9337
9446
9291
2548
9315
1856
7530
7804
7493
6362
2133
2203
3511
6677
8845
1580
1341
6426
4186
5237
6750
4359
765
4099
3412
7607
355
2156
1082
4185
3587
6409
7989
9241
3132
3737
5503
8989
2683
1186
1090
7656
1031
2538
4131
101
2408
5829
1631
7067
2809
5405
5577
4644
1296
3064
6145
8895
2243
383
4679
6956
9401
2347
8237
6537
6201
2247
6003
5544
9260
8238
564
1316
1271
701
8537
4409
4444
269
1544
3712
7419
9722
4931
7268
5513
5162
1206
4473
3079
3927
9011
9554
4418
9671
7079
2349
8433
3785
4194
3273
7381
9395
4132
608
1245
6249
1015
4784
9314
9082
2856
6411
9581
2465
452
4396
3765
3359
5228
5186
2736
3418
2099
4549
7231
1868
8787
4601
9859
2093
6795
5733
5404
2630
6859
8507
3617
8568
5289
7319
5746
1968
5938
5306
1155
5951
9802
7802
3855
8214
9600
6681
6046
6999
5778
5225
256
58
1803
3011
6997
2880
3497
3480
9790
1207
5426
9278
5321
7069
4457
8095
2567
6242
446
9718
5716
8185
447
7464
4924
1390
4865
6441
9771
5989
5192
7075
1093
7176
299
7420
3390
6876
727
6380
5997
9468
7140
4759
7952
1866
2108
7016
2298
9053
2121
875
2375
3459
9544
2483
5658
7158
9809
5599
9231
5284
458
8672
5212
4085
4831
7971
8442
7961
6401
4450
1664
2684
1517
5103
4030
7640
164
2776
9453
8483
1407
3269
1718
2667
9657
5830
403
1278
1819
2409
655
9549
6402
5137
4591
7998
9806
6948
6757
1813
2496
896
8350
4427
7034
9264
7455
1115
8399
337
5098
5273
8866
2755
8530
9910
6478
2727
2365
7727
8290
1455
9497
792
9176
9711
6170
6774
5949
7586
8978
7000
1400
9442
1030
8764
9302
5104
9943
9488
6126
397
8698
5129
2252
6349
3030
454
9752
5904
7263
2654
8356
9901
8293
1150
1562
7
161
926
7041
9166
8702
763
2784
9705
7965
2561
4368
8302
8657
1062
6521
3458
4979
6717
1163
541
3472
9087
7371
6204
7595
9128
5336
7722
9764
9720
9860
5367
7327
1538
5153
5811
548
4297
3236
4791
2678
5052
5909
7720
7548
2046
6715
6983
801
8635
3649
5491
5145
8990
3718
3664
1537
9917
7637
2886
106
2038
2637
3052
4697
5034
2953
1300
9322
9576
5759
5686
7728
54
5035
3843
9416
6
6310
7566
4263
5806
1825
7374
3019
3331
3756
4631
1940
2239
2198
7718
6716
6860
8491
7790
7805
2115
4459
7021
5980
7265
684
4236
8621
8196
7239
1417
699
6558
9076
6729
2215
6365
4129
1385
979
1298
6481
1614
7018
7836
3701
750
3747
1332
8270
464
1584
5383
2775
2743
9425
9999
2331
1793
970
6694
3691
8674
4421
5188
6603
2171
7606
7874
774
9812
4302
6947
6501
7322
3685
677
5832
7230
6134
3651
6913
2621
5450
1506
1053
6127
7135
7119
6311
6950
4650
9132
7651
9848
9207
6936
5339
8105
9566
7585
2302
4726
7610
5810
1397
7743
7441
8939
8838
8123
4684
2248
4417
2293
8160
9542
2546
8250
5898
5302
7835
362
6237
4331
9741
64
6975
3301
6759
6383
4701
5315
3594
5332
7504
2681
8127
6473
916
9811
980
386
2781
2664
8372
9760
7449
3481
8116
6101
8479
3017
222
9697
5256
6567
4956
6408
2643
8711
6735
8354
5802
4870
5975
1917
3160
2453
3211
2367
8660
1671
8836
3299
6625
6588
900
8729
3604
7110
1216
8773
3559
3034
4168
3735
828
4894
9556
523
4065
5294
1402
2324
2037
5142
8909
9125
1568
5452
3456
6277
3333
4579
7707
4447
2042
124
3403
2712
5310
7894
3143
7770
6959
2825
1878
2726
1344
4121
6390
2589
8113
8056
2647
9387
8277
1667
9229
2277
4138
6141
2996
628
9649
3550
4729
6215
1069
4376
4230
1701
492
7741
8434
5204
42
2769
3695
248
650
4300
3015
3309
1882
3510
1075
6372
8577
5429
8454
4696
9650
9481
2608
7496
3973
889
6459
4624
9270
4944
5352
1267
3551
2933
1006
5185
2734
3876
8721
7619
351
5449
5319
6718
3751
7509
2557
4410
5380
3447
5013
343
3341
8008
1009
9989
9666
3163
4229
3476
2914
1205
1791
4543
2863
8159
7328
8022
5079
8925
4145
9816
4767
9709
4742
6471
6550
9167
3976
1643
3410
1367
6241
7565
4403
8921
2421
5122
4028
7875
1033
11
7192
5397
9210
9218
3682
7820
504
151
3198
2124
1893
3857
2061
8992
6389
2034
9465
2698
4338
4575
1958
5967
5187
2650
5564
8934
6224
5027
7397
1549
6944
6183
146
6290
520
9628
3999
1810
127
9689
231
57
4112
560
3093
2793
7635
5325
3349
4925
8485
9772
884
2327
6920
3534
1016
5227
5238
3935
7888
495
5312
8789
2378
814
1841
9922
8914
4568
7439
9621
7275
1368
6345
4534
5559
8525
9467
4852
3346
4442
4617
3282
8665
9909
3688
3038
6263
7082
6294
5350
5700
3249
5120
7693
5880
717
6209
4163
4431
180
3509
2803
5688
37
5885
9837
1145
9307
98
6826
8118
584
2000
6808
876
1192
8147
9691
3950
5467
3312
4087
4943
4011
2255
1270
1865
5028
1937
5608
4905
4580
3834
7074
4977
7933
1691
4422
2322
9840
6194
1822
1102
9069
6335
9835
9456
6436
686
6554
4092
7323
3917
7332
2901
2817
3658
1355
6305
1231
1744
9304
8630
4361
7486
8243
9799
5176
7451
8288
3455
9547
1173
4521
8887
4045
5831
2287
8524
8625
5981
7736
2405
6702
785
519
806
1833
5448
3126
7089
9751
4986
7963
6042
1470
5387
9619
2052
8595
5497
7481
9891
3173
1690
2002
6593
920
7555
4623
2783
3561
9615
6648
3295
1760
280
2868
1826
7134
7532
6977
8687
8333
691
7608
6164
7542
7443
434
3850
1404
9244
7605
7664
5392
3063
8720
8703
7012
3676
4490
5858
4436
5297
6485
449
1556
7878
6098
5414
9376
1899
7747
7389
1513
6495
2015
6951
6563
410
2069
805
2787
5438
7688
6844
4615
502
8117
8466
3886
95
1039
1663
3911
2403
7405
7847
818
1137
3757
80
4314
9171
2823
6327
6931
8766
1426
6223
5737
3399
3643
3819
5860
2303
8820
3009
223
3659
4483
687
2353
7669
5330
5692
6078
9872
1873
7091
8981
2830
6234
793
6143
4780
8306
8825
8718
8998
7126
1250
9825
7269
3432
7690
1616
353
8255
6806
5674
5107
6423
9479
6902
5666
607
4794
6477
339
2428
4268
4414
4210
1147
3663
1534
2162
6248
1392
1236
3599
7647
5786
3274
8430
616
2057
871
9094
3516
6631
4609
2927
7533
567
4226
82
9012
6195
4435
4840
3963
7615
3931
4527
6623
1771
3085
3266
3576
1781
2279
8641
62
4054
9031
360
4351
929
7308
1922
1509
3044
1630
7472
4240
1474
5221
7994
9920
1453
5834
9478
3590
3615
8932
9781
7692
9259
6572
1705
8510
9555
2245
1202
9736
2707
8422
9702
6379
8425
1439
3268
9294
4291
485
9607
6680
1661
3606
7258
6644
973
5538
8069
7987
5136
1924
9779
3697
868
2818
5462
4356
1409
9284
5722
1970
1839
2463
1323
2196
3841
7463
9864
786
5057
1354
8927
7947
3839
7696
715
4025
9313
1930
3391
9429
6686
1892
7214
8598
6281
5710
3383
9216
1185
2300
740
2816
7639
3562
1532
3479
7408
2987
6705
2999
6764
7757
8873
9019
8310
6674
8202
7598
5072
6474
3645
2720
7993
6619
7437
2968
8899
3317
8060
9268
2312
4809
9604
22
4015
3989
9273
4021
9424
4602
125
4614
1452
7631
9078
4741
2824
9971
440
6929
2611
9942
711
5542
8397
8472
4227
9889
8245
9289
7761
3441
114
6553
1398
5360
9342
4988
7891
2129
3215
2373
6818
3772
8769
4069
6031
141
3804
7556
6318
8120
3319
8714
6828
188
9746
3228
9593
6280
9005
8286
3812
1421
3848
9339
4256
6370
6300
9925
4736
7827
2435
5344
6022
1331
6815
3946
7366
9735
9343
2973
109
2225
2139
1246
3869
1182
9643
7416
2984
3021
5545
8688
38
9187
7547
6312
8169
2336
1160
3660
7355
7329
5642
7234
9703
6419
3146
2399
2819
7092
6981
5527
9546
1662
8490
1957
1528
7252
8048
5708
8394
1088
5562
3187
3442
8335
794
5115
4083
3128
3477
3304
5168
3868
6912
1867
412
2597
5800
5003
4340
7100
9162
999
1567
4237
1446
9476
7270
3907
1366
991
4836
7632
7369
620
9274
5320
4179
2370
6964
1414
9945
8225
2674
7407
6682
404
2553
1406
5463
8813
4779
7901
6513
2925
3423
4855
8662
3887
3141
8994
6342
5062
245
9280
6926
5502
7665
2864
869
3646
5382
1420
2013
5291
3912
6069
7226
5311
7999
6468
1051
5272
4373
2261
4360
6329
287
7568
3627
6118
7910
1136
7751
6688
153
1647
4441
9847
2942
6827
2575
7662
2612
1146
9351
910
6452
9336
5276
3966
5900
8897
9858
4629
8878
3000
1473
2689
5586
4434
5205
69
1129
7253
885
8262
4191
2197
5532
1689
1507
6823
632
738
2799
6917
1380
2233
1536
9203
7575
424
1948
5515
5638
2416
7036
3241
7045
8622
3867
3362
9896
5690
4523
2891
5053
8924
2591
3121
1721
2321
950
9975
8487
335
4867
8521
5872
3345
9967
673
3945
2227
4930
4560
9055
4671
3237
8904
6940
2629
1758
5208
1558
4259
7723
7399
544
2457
5523
5826
9480
6775
1431
345
8064
3842
1627
8197
9220
324
9122
6919
40
9402
5699
5630
4254
8194
7246
9996
6802
3372
6148
1444
3650
2843
2491
8900
4787
2413
3378
7807
576
7629
8679
3835
7130
649
19
9113
7334
8280
9587
6135
2169
2134
5282
4502
7242
1993
7988
1827
8707
2690
9883
5598
656
3429
1849
9174
1975
1259
784
6268
5820
8699
1484
2499
6227
3131
2845
8405
1308
329
4585
5942
3674
9108
1021
5717
8055
2079
136
1575
6725
1711
5410
2350
6592
8110
2415
3754
7589
5543
7471
3230
6272
589
7611
7424
9885
4004
2304
4430
8204
6804
8
1211
7219
7597
2333
6466
2383
3798
4642
2982
9595
3071
7376
3463
2665
3749
8438
6384
9136
4114
719
1848
2699
6511
5054
8751
1880
7976
9301
2609
8271
2786
1330
7055
5927
9990
2480
8894
6570
8532
7791
8220
1050
3221
1942
4041
9984
810
9107
6970
7834
581
6105
4686
7330
34
8780
7096
4919
4140
200
6747
7450
4774
1118
5346
8585
993
4773
6490
9839
9292
5530
7652
7326
1971
5078
10000
3267
571
4133
7499
3593
3642
5473
7244
1552
927
9810
2583
2946
7600
703
6262
330
2033
4449
2116
9013
4469
8602
9033
4150
9849
8340
7118
2578
24
9361
5788
9618
2631
1348
630
7798
4010
9003
6323
6864
8519
8779
3244
3340
2450
4980
3180
9589
9489
9380
3488
5707
5573
2860
1027
6835
6378
9827
9568
3995
8043
2429
7809
8542
3491
1046
9233
9247
4695
7520
8184
2011
4446
2078
6654
4412
5253
4872
8697
5224
477
4111
9721
8610
6741
3905
7813
3332
5041
8888
2841
5990
6233
5571
7378
5574
9634
2595
5703
384
3354
2455
5940
3612
1195
5266
6949
9081
4294
6064
9140
742
2020
8839
965
1443
4517
5612
438
9710
7844
4800
5934
5445
1674
1774
1812
3307
1081
6299
9539
135
181
6708
8171
8242
2859
9884
4105
549
4703
3884
5233
6985
1910
8847
4476
5358
3521
3915
8944
7866
3147
1637
9966
4381
994
5262
6400
1138
59
5776
3186
8576
6972
347
679
7445
7062
184
4416
2420
1804
3864
6269
9853
3082
9609
8461
3796
697
6196
6634
4278
9100
5213
4660
150
4036
3997
1317
6260
5499
87
480
2739
8877
705
4089
4154
5841
2454
2855
2427
4128
2964
5046
8193
6524
9437
7199
3710
1287
4737
8601
5896
9852
3253
3385
2394
4345
9655
1861
683
2994
8829
4964
3366
9181
8309
3539
6898
9006
3007
9532
8408
3081
6062
241
8890
1987
3990
3707
3913
9767
6954
9085
4326
4793
9969
1258
8273
8759
5533
5263
5002
5069
7453
934
9133
122
6088
939
8484
7202
1909
3610
2146
2648
959
8125
5572
6288
4563
8035
8496
9906
4661
8624
4893
6934
6786
6703
1416
3170
46
9130
8696
1717
6192
7452
6444
5211
6250
5721
4493
2993
8518
7645
1140
1979
3303
2570
5111
6796
4437
8968
7512
6038
1830
3279
6984
1915
4562
2263
1632
8892
9150
6420
9250
4682
8997
5969
3813
2238
554
1913
6328
4281
4570
8541
4136
3860
385
6842
1801
5437
1488
8371
9384
370
1592
7539
5313
9230
3608
9450
9267
8706
4440
8346
3066
8874
2660
816
416
4084
1305
4335
8710
7001
1759
7411
9196
3724
8803
1726
4378
9084
7073
4895
5752
9970
2821
9932
1800
9743
2758
2951
3596
782
6252
5248
8557
3104
4878
7964
8685
3068
1070
2772
395
5431
4961
445
1008
8390
8774
2338
2992
5589
6685
6499
7338
9499
5166
4576
257
1523
7183
9707
4841
167
824
9208
4881
3900
2185
1550
8163
4554
6137
2556
4301
6131
2529
8516
5323
4142
7502
8770
6273
5736
975
8544
1883
5907
9642
1189
9861
2194
5356
5877
3750
2274
5917
2126
9769
1578
2315
219
9672
1645
185
9127
8377
1963
482
5447
7413
7279
8850
2563
3360
3519
8792
8835
5222
9083
9365
3543
7418
3367
6581
7006
2851
2140
7554
5979
9398
6344
4735
6508
3517
579
3251
4137
5947
6728
3006
878
1497
8380
7267
9205
2724
6437
9729
212
5149
8272
6516
2190
7236
9919
2289
2120
6707
6449
3406
718
5258
3404
7155
8503
1998
6414
1335
898
1170
5359
6061
85
5823
5984
9562
6213
4020
4188
7438
3729
5973
665
4053
3983
4209
1746
5353
5182
5484
5744
1375
7080
41
3010
5640
9797
249
6583
3050
2932
5732
8345
5892
9977
1633
613
4182
1345
4639
1260
4176
3690
4257
4845
6267
9537
6082
8348
9317
3292
5269
2616
3499
9995
148
4947
6403
297
8862
8612
63
1387
2887
6433
5494
8216
5994
3553
6574
4997
8948
569
8475
9308
2831
4864
5500
4405
3975
4821
9974
2172
9997
3302
9514
3193
8444
3262
9843
8975
8098
5935
4750
841
3135
4388
1364
1703
483
5879
7227
4869
8514
1358
3939
3770
6895
3070
7860
3565
2448
8606
3806
7229
6039
2219
3381
2767
1178
9393
5368
7816
5007
680
7604
2187
8843
9987
1796
1376
1912
4317
1265
9266
7339
5798
8268
9865
5385
1946
6182
4806
3981
7169
3179
4762
3810
7558
4091
7337
9359
9237
2092
5792
8291
4093
8327
3443
9378
537
8987
6758
7051
9325
6465
7131
8558
5961
9326
6406
1702
1422
5873
3828
4248
9022
4070
6343
3580
8232
4941
356
4002
1966
3468
7277
4064
391
7986
9706
1651
1673
2502
9737
9004
7613
4058
7321
4916
8392
7559
6010
4315
6084
1055
9073
7341
1253
777
7435
8604
3453
2185
2455
